[General]
x=8
y=8
width=192
height=192
show-seconds=1
show-date=0
theme=Echee2
keep-on-top=0
appear-in-pager=1
appear-in-taskbar=1
sticky=1
twentyfour=0
refreshrate=16

# 0.4.0 added

corner=1
workspace=0
face-date=1
keep-on-bottom=1
opacity=1
animate-startup=1
theme-path=/home/me/.pbug-clock/themes

show-hours=1
show-minutes=1
second-hand-type=1

font-size=10
font-offy=1.25
font-path=/usr/share/fonts/truetype/dejavu/DejaVuSerifCondensed-Italic.ttf
font-name=DejaVu Serif Italic Semi-Condensed 10

font-text-red=0.71918797492980957
font-text-green=0.82767599821090698
font-text-blue=0.72062301635742188
font-text-alpha=0.75

font-shadow-red=0.10000000149011612
font-shadow-green=0.10000000149011612
font-shadow-blue=0.10000000149011612
font-shadow-width=0.10000000149011612
font-shadow-alpha=1

format-date=%a %b %d
format-time=%I:%M %P
format-12Hrs=%A%n%B %d %Y%n%I:%M:%S %P
format-24Hrs=%A%n%B %d %Y%n%T

play-sounds=0
play-chimes=0
play-alarms=0

[HandAnim0]
Name=Cairo-Clock
Count=31
X=0;0.033333333;0.066666666999999999;0.10000000000000001;0.133333333;0.16666666699999999;0.20000000000000001;0.233333333;0.26666666700000002;0.29999999999999999;0.33333333300000001;0.366666667;0.40000000000000002;0.43333333299999999;0.46666666699999998;0.5;0.53333333299999997;0.56666666700000001;0.59999999999999998;0.63333333300000005;0.66666666699999999;0.69999999999999996;0.73333333300000003;0.76666666699999997;0.80000000000000004;0.83333333300000001;0.86666666699999995;0.90000000000000002;0.93333333299999999;0.96666666700000003;1;
Y=0;0;0;0;0;0.01;0.01;0.02;0.029999999999999999;0.050000000000000003;0.080000000000000002;0.11;0.14999999999999999;0.20000000000000001;0.26000000000000001;0.32000000000000001;0.40000000000000002;0.47999999999999998;0.56999999999999995;0.66000000000000003;0.76000000000000001;0.84999999999999998;0.93999999999999995;1.02;1.0900000000000001;1.1499999999999999;1.1799999999999999;1.1899999999999999;1.1599999999999999;1.1000000000000001;1;

[HandAnim1]
Name=Flick
Count=31
X=0;0.033333333;0.066666666999999999;0.10000000000000001;0.133333333;0.16666666699999999;0.20000000000000001;0.233333333;0.26666666700000002;0.29999999999999999;0.33333333300000001;0.366666667;0.40000000000000002;0.43333333299999999;0.46666666699999998;0.5;0.53333333299999997;0.56666666700000001;0.59999999999999998;0.63333333300000005;0.66666666699999999;0.69999999999999996;0.73333333300000003;0.76666666699999997;0.80000000000000004;0.83333333300000001;0.86666666699999995;0.90000000000000002;0.93333333299999999;0.96666666700000003;1;
Y=0;0;0;0;0;0;0;0;0;0;0;0;0;0;0;0;0;0;0;0;0;0.0050000000000000001;0.042000000000000003;0.096000000000000002;0.20000000000000001;0.45000000000000001;1;1.2;1.1799999999999999;1.1000000000000001;1;

[HandAnim2]
Name=Sweep
Count=31
X=0;0.033333333;0.066666666999999999;0.10000000000000001;0.133333333;0.16666666699999999;0.20000000000000001;0.233333333;0.26666666700000002;0.29999999999999999;0.33333333300000001;0.366666667;0.40000000000000002;0.43333333299999999;0.46666666699999998;0.5;0.53333333299999997;0.56666666700000001;0.59999999999999998;0.63333333300000005;0.66666666699999999;0.69999999999999996;0.73333333300000003;0.76666666699999997;0.80000000000000004;0.83333333300000001;0.86666666699999995;0.90000000000000002;0.93333333299999999;0.96666666700000003;1;
Y=0;0.033333333;0.066666666999999999;0.10000000000000001;0.133333333;0.16666666699999999;0.20000000000000001;0.233333333;0.26666666700000002;0.29999999999999999;0.33333333300000001;0.366666667;0.40000000000000002;0.43333333299999999;0.46666666699999998;0.5;0.53333333299999997;0.56666666700000001;0.59999999999999998;0.63333333300000005;0.66666666699999999;0.69999999999999996;0.73333333300000003;0.76666666699999997;0.80000000000000004;0.83333333300000001;0.86666666699999995;0.90000000000000002;0.93333333299999999;0.96666666700000003;1;

[HandAnim3]
Name=Simple
Count=3
X=0;0.5;1;
Y=0;0.5;1;

